%YAML:1.0
cameras:
    T_SC:
    [ 0.0148655429818, -0.999880929698, 0.00414029679422, -0.0216401454975,
      0.999557249008, 0.0149672133247, 0.025715529948, -0.064676986768,
      -0.0257744366974, 0.00375618835797, 0.999660727178, 0.00981073058949,
      0.0, 0.0, 0.0, 1.0],
    image_dimension: [752, 480],
    distortion_coefficients: [-0.28340811217, 0.0739590738929, 0.000193595028569, 1.76187114545e-05],
    distortion_type: radialtangential,
    focal_length: [458.654880721, 457.296696463],
    principal_point: [367.215803962, 248.37534061]
    camera_rate: 20 # just to manage the expectations of when there should be frames arriving
