%YAML:1.0
# Camera calibration and distortion parameters
camera:
    image_dimension: [752, 480]
    distortion_coefficients: [-0.28340811217, 0.0739590738929, 0.000193595028569, 1.76187114545e-05]
    distortion_type: radialtangential
    focal_length: [458.654880721, 457.296696463]
    principal_point: [367.215803962, 248.37534061]
    camera_rate: 20 # just to manage the expectations of when there should be frames arriving
